     1  1  0.02469136       4
     2  1  0.02469136       4
     3  1  0.02469136       4
     4  1  0.02469136       4
     5  1  0.01234568       4
     6  1  0.02469136       4
     7  1  0.02469136       4
     8  1  0.02469136       4
     9  1  0.02469136       4
    10  1  0.02469136       4
    11  1  0.02469136       4
    12  1  0.02469136       4
    13  1  0.02469136       4
    14  1  0.02469136       4
    15  1  0.02469136       4
    16  1  0.02469136       4
    17  1  0.02469136       4
    18  1  0.02469136       4
    19  1  0.02469136       4
    20  1  0.02469136       4
    21  1  0.02469136       4
    22  1  0.02469136       4
    23  1  0.02469136       4
    24  1  0.02469136       4
    25  1  0.02469136       5
    26  1  0.02469136       4
    27  1  0.02469136       4
    28  1  0.02469136       4
    29  1  0.02469136       4
    30  1  0.02469136       4
    31  1  0.02469136       4
    32  1  0.02469136       4
    33  1  0.02469136       4
    34  1  0.02469136       4
    35  1  0.02469136       4
    36  1  0.02469136       4
    37  1  0.02469136       4
    38  1  0.02469136       4
    39  1  0.02469136       4
    40  1  0.02469136       4
    41  1  0.02469136       4
